1
5
7
11
13
17
20
21
22
24
27
28
29
30
31
33
35
39
40
48
52
53
55
57
59
61
66
73
74
75
77
79
81
83
85
86
89
90
93
95
98
99
100
101
102
106
107
109
110
113
117
119
120
125
126
127
129
136
142
144
146
147
151
155
157
158
163
169
175
180
181
183
186
191
193
194
196
202
203
204
210
211
212
215
223
229
231
235
237
239
245
246
247
248
256
259
261
263
268
273
275
279
280
283
286
288
289
296
297
302
304
307
309
315
317
318
319
321
324
327
328
329
331
339
340
342
343
345
348
350
351
353
358
361
368
370
371
374
376
379
380
381
383
385
386
394
396
398
399
400
402
404
407
408
409
412
416
417
418
419
421
422
423
424
428
430
434
435
439
444
445
447
448
453
455
457
462
463
470
471
472
482
483
484
485
486
489
490
495
497
499
